1

4
4

2

2
2

3

2
1

4

6
6

5

3
3

6

2
2

7

2
1

8

8
8

9

4
4

10

3
2

11

2
2

12

2
1

13

10
10

14

5
5

15

4
3

16

3
2

17

2
2

18

2
1

19

12
12

20

6
6

21

4
4

22

4
2

23

3
2

24

2
2

25

2
1

26

14
14

27

7
7

28

5
4

29

4
3

30

4
2

31

3
2

32

2
2

33

2
1

34

16
16

35

8
8

36

6
5

37

4
4

38

4
2

39

4
2

40

3
2

41

2
2

42

2
1

43

18
18

44

9
9

45

6
6

46

5
4

47

4
3

48

4
2

49

4
2

50

3
2

51

2
2

52

2
1

53

20
20

54

10
10

55

7
6

56

6
4

57

4
4

58

4
2

59

4
2

60

4
2

61

3
2

62

2
2

63

2
1

64

22
22

65

11
11

66

8
7

67

6
5

68

5
4

69

4
3

70

4
2

71

4
2

72

4
2

73

3
2

74

2
2

75

2
1

76

6
6

77

3
3

78

2
2

79

2
1

80

9
9

81

5
4

82

3
3

83

3
2

84

3
1

85

12
12

86

6
6

87

4
4

88

3
3

89

3
2

90

3
1

91

15
15

92

8
7

93

5
5

94

4
3

95

3
3

96

3
2

97

3
1

98

18
18

99

9
9

100

6
6

101

5
4

102

4
3

103

3
3

104

3
2

105

3
1

106

21
21

107

11
10

108

7
7

109

6
5

110

5
3

111

4
3

112

3
3

113

3
2

114

3
1

115

24
24

116

12
12

117

8
8

118

6
6

119

6
4

120

5
3

121

4
3

122

3
3

123

3
2

124

3
1

125

27
27

126

14
13

127

9
9

128

7
6

129

6
5

130

6
3

131

5
3

132

4
3

133

3
3

134

3
2

135

3
1

136

30
30

137

15
15

138

10
10

139

8
7

140

6
6

141

6
4

142

6
3

143

5
3

144

4
3

145

3
3

146

3
2

147

3
1

148

33
33

149

17
16

150

11
11

151

9
8

152

7
6

153

6
5

154

6
3

155

6
3

156

5
3

157

4
3

158

3
3

159

3
2

160

3
1

161

8
8

162

4
4

163

3
2

164

2
2

165

2
1

166

12
12

167

6
6

168

4
4

169

3
3

170

3
2

171

3
1

172

16
16

173

8
8

174

6
5

175

4
4

176

4
3

177

4
2

178

4
1

179

20
20

180

10
10

181

7
6

182

5
5

183

4
4

184

4
3

185

4
2

186

4
1

187

24
24

188

12
12

189

8
8

190

6
6

191

5
4

192

4
4

193

4
3

194

4
2

195

4
1

196

28
28

197

14
14

198

10
9

199

7
7

200

6
5

201

5
4

202

4
4

203

4
3

204

4
2

205

4
1

206

32
32

207

16
16

208

11
10

209

8
8

210

7
6

211

6
4

212

5
4

213

4
4

214

4
3

215

4
2

216

4
1

217

36
36

218

18
18

219

12
12

220

9
9

221

8
7

222

7
5

223

6
4

224

5
4

225

4
4

226

4
3

227

4
2

228

4
1

229

40
40

230

20
20

231

14
13

232

10
10

233

8
8

234

8
6

235

7
4

236

6
4

237

5
4

238

4
4

239

4
3

240

4
2

241

4
1

242

44
44

243

22
22

244

15
14

245

11
11

246

9
8

247

8
7

248

8
5

249

7
4

250

6
4

251

5
4

252

4
4

253

4
3

254

4
2

255

4
1

256

10
10

257

5
5

258

4
3

259

3
2

260

2
2

261

2
1

262

15
15

263

8
7

264

5
5

265

4
3

266

3
3

267

3
2

268

3
1

269

20
20

270

10
10

271

7
6

272

5
5

273

4
4

274

4
3

275

4
2

276

4
1

277

25
25

278

13
12

279

9
8

280

7
6

281

5
5

282

5
4

283

5
3

284

5
2

285

5
1

286

30
30

287

15
15

288

10
10

289

8
7

290

6
6

291

5
5

292

5
4

293

5
3

294

5
2

295

5
1

296

35
35

297

18
17

298

12
11

299

9
8

300

7
7

301

6
5

302

5
5

303

5
4

304

5
3

305

5
2

306

5
1

307

40
40

308

20
20

309

14
13

310

10
10

311

8
8

312

7
6

313

6
5

314

5
5

315

5
4

316

5
3

317

5
2

318

5
1

319

45
45

320

23
22

321

15
15

322

12
11

323

9
9

324

8
7

325

7
5

326

6
5

327

5
5

328

5
4

329

5
3

330

5
2

331

5
1

332

50
50

333

25
25

334

17
16

335

13
12

336

10
10

337

9
8

338

8
6

339

7
5

340

6
5

341

5
5

342

5
4

343

5
3

344

5
2

345

5
1

346

55
55

347

28
27

348

19
18

349

14
13

350

11
11

351

10
9

352

9
7

353

8
5

354

7
5

355

6
5

356

5
5

357

5
4

358

5
3

359

5
2

360

5
1

361

12
12

362

6
6

363

4
4

364

4
2

365

3
2

366

2
2

367

2
1

368

18
18

369

9
9

370

6
6

371

5
4

372

4
3

373

3
3

374

3
2

375

3
1

376

24
24

377

12
12

378

8
8

379

6
6

380

5
4

381

4
4

382

4
3

383

4
2

384

4
1

385

30
30

386

15
15

387

10
10

388

8
7

389

6
6

390

5
5

391

5
4

392

5
3

393

5
2

394

5
1

395

36
36

396

18
18

397

12
12

398

10
8

399

8
7

400

6
6

401

6
5

402

6
4

403

6
3

404

6
2

405

6
1

406

42
42

407

21
21

408

14
14

409

11
10

410

9
8

411

7
7

412

6
6

413

6
5

414

6
4

415

6
3

416

6
2

417

6
1

418

48
48

419

24
24

420

16
16

421

12
12

422

10
9

423

8
8

424

7
6

425

6
6

426

6
5

427

6
4

428

6
3

429

6
2

430

6
1

431

54
54

432

27
27

433

18
18

434

14
13

435

11
10

436

9
9

437

8
7

438

7
6

439

6
6

440

6
5

441

6
4

442

6
3

443

6
2

444

6
1

445

60
60

446

30
30

447

20
20

448

16
14

449

12
12

450

10
10

451

9
8

452

8
6

453

7
6

454

6
6

455

6
5

456

6
4

457

6
3

458

6
2

459

6
1

460

66
66

461

33
33

462

22
22

463

17
16

464

14
13

465

11
11

466

10
9

467

9
7

468

8
6

469

7
6

470

6
6

471

6
5

472

6
4

473

6
3

474

6
2

475

6
1

476

14
14

477

7
7

478

5
4

479

4
3

480

4
2

481

3
2

482

2
2

483

2
1

484

21
21

485

11
10

486

7
7

487

6
5

488

5
3

489

4
3

490

3
3

491

3
2

492

3
1

493

28
28

494

14
14

495

10
9

496

7
7

497

6
5

498

5
4

499

4
4

500

4
3

501

4
2

502

4
1

503

35
35

504

18
17

505

12
11

506

9
8

507

7
7

508

6
5

509

5
5

510

5
4

511

5
3

512

5
2

513

5
1

514

42
42

515

21
21

516

14
14

517

11
10

518

9
8

519

7
7

520

6
6

521

6
5

522

6
4

523

6
3

524

6
2

525

6
1

526

49
49

527

25
24

528

17
16

529

13
12

530

11
9

531

9
8

532

7
7

533

7
6

534

7
5

535

7
4

536

7
3

537

7
2

538

7
1

539

56
56

540

28
28

541

19
18

542

14
14

543

12
10

544

10
9

545

8
8

546

7
7

547

7
6

548

7
5

549

7
4

550

7
3

551

7
2

552

7
1

553

63
63

554

32
31

555

21
21

556

16
15

557

13
12

558

11
10

559

9
9

560

8
7

561

7
7

562

7
6

563

7
5

564

7
4

565

7
3

566

7
2

567

7
1

568

70
70

569

35
35

570

24
23

571

18
17

572

14
14

573

12
11

574

10
10

575

9
8

576

8
7

577

7
7

578

7
6

579

7
5

580

7
4

581

7
3

582

7
2

583

7
1

584

77
77

585

39
38

586

26
25

587

20
19

588

16
15

589

13
12

590

11
11

591

10
9

592

9
7

593

8
7

594

7
7

595

7
6

596

7
5

597

7
4

598

7
3

599

7
2

600

7
1

601

16
16

602

8
8

603

6
5

604

4
4

605

4
2

606

4
2

607

3
2

608

2
2

609

2
1

610

24
24

611

12
12

612

8
8

613

6
6

614

6
4

615

5
3

616

4
3

617

3
3

618

3
2

619

3
1

620

32
32

621

16
16

622

11
10

623

8
8

624

7
6

625

6
4

626

5
4

627

4
4

628

4
3

629

4
2

630

4
1

631

40
40

632

20
20

633

14
13

634

10
10

635

8
8

636

7
6

637

6
5

638

5
5

639

5
4

640

5
3

641

5
2

642

5
1

643

48
48

644

24
24

645

16
16

646

12
12

647

10
9

648

8
8

649

7
6

650

6
6

651

6
5

652

6
4

653

6
3

654

6
2

655

6
1

656

56
56

657

28
28

658

19
18

659

14
14

660

12
10

661

10
9

662

8
8

663

7
7

664

7
6

665

7
5

666

7
4

667

7
3

668

7
2

669

7
1

670

64
64

671

32
32

672

22
21

673

16
16

674

14
12

675

12
10

676

10
9

677

8
8

678

8
7

679

8
6

680

8
5

681

8
4

682

8
3

683

8
2

684

8
1

685

72
72

686

36
36

687

24
24

688

18
18

689

15
14

690

13
11

691

11
10

692

9
9

693

8
8

694

8
7

695

8
6

696

8
5

697

8
4

698

8
3

699

8
2

700

8
1

701

80
80

702

40
40

703

27
26

704

20
20

705

16
16

706

14
12

707

12
11

708

10
10

709

9
8

710

8
8

711

8
7

712

8
6

713

8
5

714

8
4

715

8
3

716

8
2

717

8
1

718

88
88

719

44
44

720

30
29

721

22
22

722

18
17

723

15
14

724

13
12

725

11
11

726

10
9

727

9
8

728

8
8

729

8
7

730

8
6

731

8
5

732

8
4

733

8
3

734

8
2

735

8
1

736

18
18

737

9
9

738

6
6

739

5
4

740

4
3

741

4
2

742

4
2

743

3
2

744

2
2

745

2
1

746

27
27

747

14
13

748

9
9

749

7
6

750

6
5

751

6
3

752

5
3

753

4
3

754

3
3

755

3
2

756

3
1

757

36
36

758

18
18

759

12
12

760

9
9

761

8
7

762

7
5

763

6
4

764

5
4

765

4
4

766

4
3

767

4
2

768

4
1

769

45
45

770

23
22

771

15
15

772

12
11

773

9
9

774

8
7

775

7
5

776

6
5

777

5
5

778

5
4

779

5
3

780

5
2

781

5
1

782

54
54

783

27
27

784

18
18

785

14
13

786

11
10

787

9
9

788

8
7

789

7
6

790

6
6

791

6
5

792

6
4

793

6
3

794

6
2

795

6
1

796

63
63

797

32
31

798

21
21

799

16
15

800

13
12

801

11
10

802

9
9

803

8
7

804

7
7

805

7
6

806

7
5

807

7
4

808

7
3

809

7
2

810

7
1

811

72
72

812

36
36

813

24
24

814

18
18

815

15
14

816

13
11

817

11
10

818

9
9

819

8
8

820

8
7

821

8
6

822

8
5

823

8
4

824

8
3

825

8
2

826

8
1

827

81
81

828

41
40

829

27
27

830

21
20

831

17
16

832

15
12

833

13
11

834

11
10

835

9
9

836

9
8

837

9
7

838

9
6

839

9
5

840

9
4

841

9
3

842

9
2

843

9
1

844

90
90

845

45
45

846

30
30

847

23
22

848

18
18

849

16
14

850

14
12

851

12
11

852

10
10

853

9
9

854

9
8

855

9
7

856

9
6

857

9
5

858

9
4

859

9
3

860

9
2

861

9
1

862

99
99

863

50
49

864

33
33

865

25
24

866

20
19

867

17
16

868

15
13

869

13
12

870

11
11

871

10
9

872

9
9

873

9
8

874

9
7

875

9
6

876

9
5

877

9
4

878

9
3

879

9
2

880

9
1

881

20
20

882

10
10

883

7
6

884

6
4

885

4
4

886

4
2

887

4
2

888

4
2

889

3
2

890

2
2

891

2
1

892

30
30

893

15
15

894

10
10

895

8
7

896

6
6

897

6
4

898

6
3

899

5
3

900

4
3

901

3
3

902

3
2

903

3
1

904

40
40

905

20
20

906

14
13

907

10
10

908

8
8

909

8
6

910

7
4

911

6
4

912

5
4

913

4
4

914

4
3

915

4
2

916

4
1

917

50
50

918

25
25

919

17
16

920

13
12

921

10
10

922

9
8

923

8
6

924

7
5

925

6
5

926

5
5

927

5
4

928

5
3

929

5
2

930

5
1

931

60
60

932

30
30

933

20
20

934

16
14

935

12
12

936

10
10

937

9
8

938

8
6

939

7
6

940

6
6

941

6
5

942

6
4

943

6
3

944

6
2

945

6
1

946

70
70

947

35
35

948

24
23

949

18
17

950

14
14

951

12
11

952

10
10

953

9
8

954

8
7

955

7
7

956

7
6

957

7
5

958

7
4

959

7
3

960

7
2

961

7
1

962

80
80

963

40
40

964

27
26

965

20
20

966

16
16

967

14
12

968

12
11

969

10
10

970

9
8

971

8
8

972

8
7

973

8
6

974

8
5

975

8
4

976

8
3

977

8
2

978

8
1

979

90
90

980

45
45

981

30
30

982

23
22

983

18
18

984

16
14

985

14
12

986

12
11

987

10
10

988

9
9

989

9
8

990

9
7

991

9
6

992

9
5

993

9
4

994

9
3

995

9
2

996

9
1

997

100
100

998

50
50

999

34
33

1000

26
24

1001

20
20

1002

18
16

1003

16
13

1004

14
12

1005

12
11

1006

10
10

1007

10
9

1008

10
8

1009

10
7

1010

10
6

1011

10
5

1012

10
4

1013

10
3

1014

10
2

1015

10
1

1016

110
110

1017

55
55

1018

37
36

1019

28
27

1020

22
22

1021

19
18

1022

17
14

1023

15
13

1024

13
12

1025

11
11

1026

10
10

1027

10
9

1028

10
8

1029

10
7

1030

10
6

1031

10
5

1032

10
4

1033

10
3

1034

10
2

1035

10
1

1036

22
22

1037

11
11

1038

8
7

1039

6
5

1040

5
4

1041

4
3

1042

4
2

1043

4
2

1044

4
2

1045

3
2

1046

2
2

1047

2
1

1048

33
33

1049

17
16

1050

11
11

1051

9
8

1052

7
6

1053

6
5

1054

6
3

1055

6
3

1056

5
3

1057

4
3

1058

3
3

1059

3
2

1060

3
1

1061

44
44

1062

22
22

1063

15
14

1064

11
11

1065

9
8

1066

8
7

1067

8
5

1068

7
4

1069

6
4

1070

5
4

1071

4
4

1072

4
3

1073

4
2

1074

4
1

1075

55
55

1076

28
27

1077

19
18

1078

14
13

1079

11
11

1080

10
9

1081

9
7

1082

8
5

1083

7
5

1084

6
5

1085

5
5

1086

5
4

1087

5
3

1088

5
2

1089

5
1

1090

66
66

1091

33
33

1092

22
22

1093

17
16

1094

14
13

1095

11
11

1096

10
9

1097

9
7

1098

8
6

1099

7
6

1100

6
6

1101

6
5

1102

6
4

1103

6
3

1104

6
2

1105

6
1

1106

77
77

1107

39
38

1108

26
25

1109

20
19

1110

16
15

1111

13
12

1112

11
11

1113

10
9

1114

9
7

1115

8
7

1116

7
7

1117

7
6

1118

7
5

1119

7
4

1120

7
3

1121

7
2

1122

7
1

1123

88
88

1124

44
44

1125

30
29

1126

22
22

1127

18
17

1128

15
14

1129

13
12

1130

11
11

1131

10
9

1132

9
8

1133

8
8

1134

8
7

1135

8
6

1136

8
5

1137

8
4

1138

8
3

1139

8
2

1140

8
1

1141

99
99

1142

50
49

1143

33
33

1144

25
24

1145

20
19

1146

17
16

1147

15
13

1148

13
12

1149

11
11

1150

10
9

1151

9
9

1152

9
8

1153

9
7

1154

9
6

1155

9
5

1156

9
4

1157

9
3

1158

9
2

1159

9
1

1160

110
110

1161

55
55

1162

37
36

1163

28
27

1164

22
22

1165

19
18

1166

17
14

1167

15
13

1168

13
12

1169

11
11

1170

10
10

1171

10
9

1172

10
8

1173

10
7

1174

10
6

1175

10
5

1176

10
4

1177

10
3

1178

10
2

1179

10
1

1180

121
121

1181

61
60

1182

41
40

1183

31
30

1184

25
24

1185

21
20

1186

19
16

1187

17
14

1188

15
13

1189

13
12

1190

11
11

1191

11
10

1192

11
9

1193

11
8

1194

11
7

1195

11
6

1196

11
5

1197

11
4

1198

11
3

1199

11
2

1200

11
1

