test № 1
4 
test № 2
2 2 
test № 3
1 2 1 
test № 4
6 
test № 5
3 3 
test № 6
2 2 2 
test № 7
1 2 2 1 
test № 8
8 
test № 9
4 4 
test № 10
3 3 2 
test № 11
2 2 2 2 
test № 12
1 2 2 2 1 
test № 13
10 
test № 14
5 5 
test № 15
3 4 3 
test № 16
3 3 2 2 
test № 17
2 2 2 2 2 
test № 18
1 2 2 2 2 1 
test № 19
12 
test № 20
6 6 
test № 21
4 4 4 
test № 22
3 4 3 2 
test № 23
3 3 2 2 2 
test № 24
2 2 2 2 2 2 
test № 25
1 2 2 2 2 2 1 
test № 26
14 
test № 27
7 7 
test № 28
5 5 4 
test № 29
3 4 4 3 
test № 30
3 4 3 2 2 
test № 31
3 3 2 2 2 2 
test № 32
2 2 2 2 2 2 2 
test № 33
1 2 2 2 2 2 2 1 
test № 34
16 
test № 35
8 8 
test № 36
5 6 5 
test № 37
4 4 4 4 
test № 38
3 4 4 3 2 
test № 39
3 4 3 2 2 2 
test № 40
3 3 2 2 2 2 2 
test № 41
2 2 2 2 2 2 2 2 
test № 42
1 2 2 2 2 2 2 2 1 
test № 43
18 
test № 44
9 9 
test № 45
6 6 6 
test № 46
5 5 4 4 
test № 47
3 4 4 4 3 
test № 48
3 4 4 3 2 2 
test № 49
3 4 3 2 2 2 2 
test № 50
3 3 2 2 2 2 2 2 
test № 51
2 2 2 2 2 2 2 2 2 
test № 52
1 2 2 2 2 2 2 2 2 1 
test № 53
20 
test № 54
10 10 
test № 55
7 7 6 
test № 56
5 6 5 4 
test № 57
4 4 4 4 4 
test № 58
3 4 4 4 3 2 
test № 59
3 4 4 3 2 2 2 
test № 60
3 4 3 2 2 2 2 2 
test № 61
3 3 2 2 2 2 2 2 2 
test № 62
2 2 2 2 2 2 2 2 2 2 
test № 63
1 2 2 2 2 2 2 2 2 2 1 
test № 64
22 
test № 65
11 11 
test № 66
7 8 7 
test № 67
5 6 6 5 
test № 68
5 5 4 4 4 
test № 69
3 4 4 4 4 3 
test № 70
3 4 4 4 3 2 2 
test № 71
3 4 4 3 2 2 2 2 
test № 72
3 4 3 2 2 2 2 2 2 
test № 73
3 3 2 2 2 2 2 2 2 2 
test № 74
2 2 2 2 2 2 2 2 2 2 2 
test № 75
1 2 2 2 2 2 2 2 2 2 2 1 
test № 76
6 
test № 77
3 3 
test № 78
2 2 2 
test № 79
1 2 2 1 
test № 80
9 
test № 81
5 4 
test № 82
3 3 3 
test № 83
2 2 3 2 
test № 84
1 2 3 2 1 
test № 85
12 
test № 86
6 6 
test № 87
4 4 4 
test № 88
3 3 3 3 
test № 89
2 2 3 3 2 
test № 90
1 2 3 3 2 1 
test № 91
15 
test № 92
8 7 
test № 93
5 5 5 
test № 94
4 4 4 3 
test № 95
3 3 3 3 3 
test № 96
2 2 3 3 3 2 
test № 97
1 2 3 3 3 2 1 
test № 98
18 
test № 99
9 9 
test № 100
6 6 6 
test № 101
4 5 5 4 
test № 102
4 4 4 3 3 
test № 103
3 3 3 3 3 3 
test № 104
2 2 3 3 3 3 2 
test № 105
1 2 3 3 3 3 2 1 
test № 106
21 
test № 107
11 10 
test № 108
7 7 7 
test № 109
5 5 6 5 
test № 110
4 5 5 4 3 
test № 111
4 4 4 3 3 3 
test № 112
3 3 3 3 3 3 3 
test № 113
2 2 3 3 3 3 3 2 
test № 114
1 2 3 3 3 3 3 2 1 
test № 115
24 
test № 116
12 12 
test № 117
8 8 8 
test № 118
6 6 6 6 
test № 119
4 5 6 5 4 
test № 120
4 5 5 4 3 3 
test № 121
4 4 4 3 3 3 3 
test № 122
3 3 3 3 3 3 3 3 
test № 123
2 2 3 3 3 3 3 3 2 
test № 124
1 2 3 3 3 3 3 3 2 1 
test № 125
27 
test № 126
14 13 
test № 127
9 9 9 
test № 128
7 7 7 6 
test № 129
5 5 6 6 5 
test № 130
4 5 6 5 4 3 
test № 131
4 5 5 4 3 3 3 
test № 132
4 4 4 3 3 3 3 3 
test № 133
3 3 3 3 3 3 3 3 3 
test № 134
2 2 3 3 3 3 3 3 3 2 
test № 135
1 2 3 3 3 3 3 3 3 2 1 
test № 136
30 
test № 137
15 15 
test № 138
10 10 10 
test № 139
7 8 8 7 
test № 140
6 6 6 6 6 
test № 141
4 5 6 6 5 4 
test № 142
4 5 6 5 4 3 3 
test № 143
4 5 5 4 3 3 3 3 
test № 144
4 4 4 3 3 3 3 3 3 
test № 145
3 3 3 3 3 3 3 3 3 3 
test № 146
2 2 3 3 3 3 3 3 3 3 2 
test № 147
1 2 3 3 3 3 3 3 3 3 2 1 
test № 148
33 
test № 149
17 16 
test № 150
11 11 11 
test № 151
8 8 9 8 
test № 152
7 7 7 6 6 
test № 153
5 5 6 6 6 5 
test № 154
4 5 6 6 5 4 3 
test № 155
4 5 6 5 4 3 3 3 
test № 156
4 5 5 4 3 3 3 3 3 
test № 157
4 4 4 3 3 3 3 3 3 3 
test № 158
3 3 3 3 3 3 3 3 3 3 3 
test № 159
2 2 3 3 3 3 3 3 3 3 3 2 
test № 160
1 2 3 3 3 3 3 3 3 3 3 2 1 
test № 161
8 
test № 162
4 4 
test № 163
3 3 2 
test № 164
2 2 2 2 
test № 165
1 2 2 2 1 
test № 166
12 
test № 167
6 6 
test № 168
4 4 4 
test № 169
3 3 3 3 
test № 170
2 2 3 3 2 
test № 171
1 2 3 3 2 1 
test № 172
16 
test № 173
8 8 
test № 174
6 5 5 
test № 175
4 4 4 4 
test № 176
3 3 3 4 3 
test № 177
2 2 3 4 3 2 
test № 178
1 2 3 4 3 2 1 
test № 179
20 
test № 180
10 10 
test № 181
7 7 6 
test № 182
5 5 5 5 
test № 183
4 4 4 4 4 
test № 184
3 3 3 4 4 3 
test № 185
2 2 3 4 4 3 2 
test № 186
1 2 3 4 4 3 2 1 
test № 187
24 
test № 188
12 12 
test № 189
8 8 8 
test № 190
6 6 6 6 
test № 191
5 5 5 5 4 
test № 192
4 4 4 4 4 4 
test № 193
3 3 3 4 4 4 3 
test № 194
2 2 3 4 4 4 3 2 
test № 195
1 2 3 4 4 4 3 2 1 
test № 196
28 
test № 197
14 14 
test № 198
10 9 9 
test № 199
7 7 7 7 
test № 200
5 6 6 6 5 
test № 201
5 5 5 5 4 4 
test № 202
4 4 4 4 4 4 4 
test № 203
3 3 3 4 4 4 4 3 
test № 204
2 2 3 4 4 4 4 3 2 
test № 205
1 2 3 4 4 4 4 3 2 1 
test № 206
32 
test № 207
16 16 
test № 208
11 11 10 
test № 209
8 8 8 8 
test № 210
6 6 7 7 6 
test № 211
5 6 6 6 5 4 
test № 212
5 5 5 5 4 4 4 
test № 213
4 4 4 4 4 4 4 4 
test № 214
3 3 3 4 4 4 4 4 3 
test № 215
2 2 3 4 4 4 4 4 3 2 
test № 216
1 2 3 4 4 4 4 4 3 2 1 
test № 217
36 
test № 218
18 18 
test № 219
12 12 12 
test № 220
9 9 9 9 
test № 221
7 7 7 8 7 
test № 222
5 6 7 7 6 5 
test № 223
5 6 6 6 5 4 4 
test № 224
5 5 5 5 4 4 4 4 
test № 225
4 4 4 4 4 4 4 4 4 
test № 226
3 3 3 4 4 4 4 4 4 3 
test № 227
2 2 3 4 4 4 4 4 4 3 2 
test № 228
1 2 3 4 4 4 4 4 4 3 2 1 
test № 229
40 
test № 230
20 20 
test № 231
14 13 13 
test № 232
10 10 10 10 
test № 233
8 8 8 8 8 
test № 234
6 6 7 8 7 6 
test № 235
5 6 7 7 6 5 4 
test № 236
5 6 6 6 5 4 4 4 
test № 237
5 5 5 5 4 4 4 4 4 
test № 238
4 4 4 4 4 4 4 4 4 4 
test № 239
3 3 3 4 4 4 4 4 4 4 3 
test № 240
2 2 3 4 4 4 4 4 4 4 3 2 
test № 241
1 2 3 4 4 4 4 4 4 4 3 2 1 
test № 242
44 
test № 243
22 22 
test № 244
15 15 14 
test № 245
11 11 11 11 
test № 246
9 9 9 9 8 
test № 247
7 7 7 8 8 7 
test № 248
5 6 7 8 7 6 5 
test № 249
5 6 7 7 6 5 4 4 
test № 250
5 6 6 6 5 4 4 4 4 
test № 251
5 5 5 5 4 4 4 4 4 4 
test № 252
4 4 4 4 4 4 4 4 4 4 4 
test № 253
3 3 3 4 4 4 4 4 4 4 4 3 
test № 254
2 2 3 4 4 4 4 4 4 4 4 3 2 
test № 255
1 2 3 4 4 4 4 4 4 4 4 3 2 1 
test № 256
10 
test № 257
5 5 
test № 258
3 4 3 
test № 259
3 3 2 2 
test № 260
2 2 2 2 2 
test № 261
1 2 2 2 2 1 
test № 262
15 
test № 263
8 7 
test № 264
5 5 5 
test № 265
4 4 4 3 
test № 266
3 3 3 3 3 
test № 267
2 2 3 3 3 2 
test № 268
1 2 3 3 3 2 1 
test № 269
20 
test № 270
10 10 
test № 271
7 7 6 
test № 272
5 5 5 5 
test № 273
4 4 4 4 4 
test № 274
3 3 3 4 4 3 
test № 275
2 2 3 4 4 3 2 
test № 276
1 2 3 4 4 3 2 1 
test № 277
25 
test № 278
13 12 
test № 279
8 9 8 
test № 280
7 6 6 6 
test № 281
5 5 5 5 5 
test № 282
4 4 4 4 5 4 
test № 283
3 3 3 4 5 4 3 
test № 284
2 2 3 4 5 4 3 2 
test № 285
1 2 3 4 5 4 3 2 1 
test № 286
30 
test № 287
15 15 
test № 288
10 10 10 
test № 289
8 8 7 7 
test № 290
6 6 6 6 6 
test № 291
5 5 5 5 5 5 
test № 292
4 4 4 4 5 5 4 
test № 293
3 3 3 4 5 5 4 3 
test № 294
2 2 3 4 5 5 4 3 2 
test № 295
1 2 3 4 5 5 4 3 2 1 
test № 296
35 
test № 297
18 17 
test № 298
12 12 11 
test № 299
9 9 9 8 
test № 300
7 7 7 7 7 
test № 301
6 6 6 6 6 5 
test № 302
5 5 5 5 5 5 5 
test № 303
4 4 4 4 5 5 5 4 
test № 304
3 3 3 4 5 5 5 4 3 
test № 305
2 2 3 4 5 5 5 4 3 2 
test № 306
1 2 3 4 5 5 5 4 3 2 1 
test № 307
40 
test № 308
20 20 
test № 309
13 14 13 
test № 310
10 10 10 10 
test № 311
8 8 8 8 8 
test № 312
6 7 7 7 7 6 
test № 313
6 6 6 6 6 5 5 
test № 314
5 5 5 5 5 5 5 5 
test № 315
4 4 4 4 5 5 5 5 4 
test № 316
3 3 3 4 5 5 5 5 4 3 
test № 317
2 2 3 4 5 5 5 5 4 3 2 
test № 318
1 2 3 4 5 5 5 5 4 3 2 1 
test № 319
45 
test № 320
23 22 
test № 321
15 15 15 
test № 322
12 11 11 11 
test № 323
9 9 9 9 9 
test № 324
7 7 8 8 8 7 
test № 325
6 7 7 7 7 6 5 
test № 326
6 6 6 6 6 5 5 5 
test № 327
5 5 5 5 5 5 5 5 5 
test № 328
4 4 4 4 5 5 5 5 5 4 
test № 329
3 3 3 4 5 5 5 5 5 4 3 
test № 330
2 2 3 4 5 5 5 5 5 4 3 2 
test № 331
1 2 3 4 5 5 5 5 5 4 3 2 1 
test № 332
50 
test № 333
25 25 
test № 334
17 17 16 
test № 335
13 13 12 12 
test № 336
10 10 10 10 10 
test № 337
8 8 8 9 9 8 
test № 338
6 7 8 8 8 7 6 
test № 339
6 7 7 7 7 6 5 5 
test № 340
6 6 6 6 6 5 5 5 5 
test № 341
5 5 5 5 5 5 5 5 5 5 
test № 342
4 4 4 4 5 5 5 5 5 5 4 
test № 343
3 3 3 4 5 5 5 5 5 5 4 3 
test № 344
2 2 3 4 5 5 5 5 5 5 4 3 2 
test № 345
1 2 3 4 5 5 5 5 5 5 4 3 2 1 
test № 346
55 
test № 347
28 27 
test № 348
18 19 18 
test № 349
14 14 14 13 
test № 350
11 11 11 11 11 
test № 351
9 9 9 9 10 9 
test № 352
7 7 8 9 9 8 7 
test № 353
6 7 8 8 8 7 6 5 
test № 354
6 7 7 7 7 6 5 5 5 
test № 355
6 6 6 6 6 5 5 5 5 5 
test № 356
5 5 5 5 5 5 5 5 5 5 5 
test № 357
4 4 4 4 5 5 5 5 5 5 5 4 
test № 358
3 3 3 4 5 5 5 5 5 5 5 4 3 
test № 359
2 2 3 4 5 5 5 5 5 5 5 4 3 2 
test № 360
1 2 3 4 5 5 5 5 5 5 5 4 3 2 1 
test № 361
12 
test № 362
6 6 
test № 363
4 4 4 
test № 364
3 4 3 2 
test № 365
3 3 2 2 2 
test № 366
2 2 2 2 2 2 
test № 367
1 2 2 2 2 2 1 
test № 368
18 
test № 369
9 9 
test № 370
6 6 6 
test № 371
4 5 5 4 
test № 372
4 4 4 3 3 
test № 373
3 3 3 3 3 3 
test № 374
2 2 3 3 3 3 2 
test № 375
1 2 3 3 3 3 2 1 
test № 376
24 
test № 377
12 12 
test № 378
8 8 8 
test № 379
6 6 6 6 
test № 380
5 5 5 5 4 
test № 381
4 4 4 4 4 4 
test № 382
3 3 3 4 4 4 3 
test № 383
2 2 3 4 4 4 3 2 
test № 384
1 2 3 4 4 4 3 2 1 
test № 385
30 
test № 386
15 15 
test № 387
10 10 10 
test № 388
8 8 7 7 
test № 389
6 6 6 6 6 
test № 390
5 5 5 5 5 5 
test № 391
4 4 4 4 5 5 4 
test № 392
3 3 3 4 5 5 4 3 
test № 393
2 2 3 4 5 5 4 3 2 
test № 394
1 2 3 4 5 5 4 3 2 1 
test № 395
36 
test № 396
18 18 
test № 397
12 12 12 
test № 398
9 10 9 8 
test № 399
8 7 7 7 7 
test № 400
6 6 6 6 6 6 
test № 401
5 5 5 5 5 6 5 
test № 402
4 4 4 4 5 6 5 4 
test № 403
3 3 3 4 5 6 5 4 3 
test № 404
2 2 3 4 5 6 5 4 3 2 
test № 405
1 2 3 4 5 6 5 4 3 2 1 
test № 406
42 
test № 407
21 21 
test № 408
14 14 14 
test № 409
10 11 11 10 
test № 410
9 9 8 8 8 
test № 411
7 7 7 7 7 7 
test № 412
6 6 6 6 6 6 6 
test № 413
5 5 5 5 5 6 6 5 
test № 414
4 4 4 4 5 6 6 5 4 
test № 415
3 3 3 4 5 6 6 5 4 3 
test № 416
2 2 3 4 5 6 6 5 4 3 2 
test № 417
1 2 3 4 5 6 6 5 4 3 2 1 
test № 418
48 
test № 419
24 24 
test № 420
16 16 16 
test № 421
12 12 12 12 
test № 422
10 10 10 9 9 
test № 423
8 8 8 8 8 8 
test № 424
7 7 7 7 7 7 6 
test № 425
6 6 6 6 6 6 6 6 
test № 426
5 5 5 5 5 6 6 6 5 
test № 427
4 4 4 4 5 6 6 6 5 4 
test № 428
3 3 3 4 5 6 6 6 5 4 3 
test № 429
2 2 3 4 5 6 6 6 5 4 3 2 
test № 430
1 2 3 4 5 6 6 6 5 4 3 2 1 
test № 431
54 
test № 432
27 27 
test № 433
18 18 18 
test № 434
14 14 13 13 
test № 435
11 11 11 11 10 
test № 436
9 9 9 9 9 9 
test № 437
7 8 8 8 8 8 7 
test № 438
7 7 7 7 7 7 6 6 
test № 439
6 6 6 6 6 6 6 6 6 
test № 440
5 5 5 5 5 6 6 6 6 5 
test № 441
4 4 4 4 5 6 6 6 6 5 4 
test № 442
3 3 3 4 5 6 6 6 6 5 4 3 
test № 443
2 2 3 4 5 6 6 6 6 5 4 3 2 
test № 444
1 2 3 4 5 6 6 6 6 5 4 3 2 1 
test № 445
60 
test № 446
30 30 
test № 447
20 20 20 
test № 448
15 16 15 14 
test № 449
12 12 12 12 12 
test № 450
10 10 10 10 10 10 
test № 451
8 8 9 9 9 9 8 
test № 452
7 8 8 8 8 8 7 6 
test № 453
7 7 7 7 7 7 6 6 6 
test № 454
6 6 6 6 6 6 6 6 6 6 
test № 455
5 5 5 5 5 6 6 6 6 6 5 
test № 456
4 4 4 4 5 6 6 6 6 6 5 4 
test № 457
3 3 3 4 5 6 6 6 6 6 5 4 3 
test № 458
2 2 3 4 5 6 6 6 6 6 5 4 3 2 
test № 459
1 2 3 4 5 6 6 6 6 6 5 4 3 2 1 
test № 460
66 
test № 461
33 33 
test № 462
22 22 22 
test № 463
16 17 17 16 
test № 464
14 13 13 13 13 
test № 465
11 11 11 11 11 11 
test № 466
9 9 9 10 10 10 9 
test № 467
7 8 9 9 9 9 8 7 
test № 468
7 8 8 8 8 8 7 6 6 
test № 469
7 7 7 7 7 7 6 6 6 6 
test № 470
6 6 6 6 6 6 6 6 6 6 6 
test № 471
5 5 5 5 5 6 6 6 6 6 6 5 
test № 472
4 4 4 4 5 6 6 6 6 6 6 5 4 
test № 473
3 3 3 4 5 6 6 6 6 6 6 5 4 3 
test № 474
2 2 3 4 5 6 6 6 6 6 6 5 4 3 2 
test № 475
1 2 3 4 5 6 6 6 6 6 6 5 4 3 2 1 
test № 476
14 
test № 477
7 7 
test № 478
5 5 4 
test № 479
3 4 4 3 
test № 480
3 4 3 2 2 
test № 481
3 3 2 2 2 2 
test № 482
2 2 2 2 2 2 2 
test № 483
1 2 2 2 2 2 2 1 
test № 484
21 
test № 485
11 10 
test № 486
7 7 7 
test № 487
5 5 6 5 
test № 488
4 5 5 4 3 
test № 489
4 4 4 3 3 3 
test № 490
3 3 3 3 3 3 3 
test № 491
2 2 3 3 3 3 3 2 
test № 492
1 2 3 3 3 3 3 2 1 
test № 493
28 
test № 494
14 14 
test № 495
10 9 9 
test № 496
7 7 7 7 
test № 497
5 6 6 6 5 
test № 498
5 5 5 5 4 4 
test № 499
4 4 4 4 4 4 4 
test № 500
3 3 3 4 4 4 4 3 
test № 501
2 2 3 4 4 4 4 3 2 
test № 502
1 2 3 4 4 4 4 3 2 1 
test № 503
35 
test № 504
18 17 
test № 505
12 12 11 
test № 506
9 9 9 8 
test № 507
7 7 7 7 7 
test № 508
6 6 6 6 6 5 
test № 509
5 5 5 5 5 5 5 
test № 510
4 4 4 4 5 5 5 4 
test № 511
3 3 3 4 5 5 5 4 3 
test № 512
2 2 3 4 5 5 5 4 3 2 
test № 513
1 2 3 4 5 5 5 4 3 2 1 
test № 514
42 
test № 515
21 21 
test № 516
14 14 14 
test № 517
10 11 11 10 
test № 518
9 9 8 8 8 
test № 519
7 7 7 7 7 7 
test № 520
6 6 6 6 6 6 6 
test № 521
5 5 5 5 5 6 6 5 
test № 522
4 4 4 4 5 6 6 5 4 
test № 523
3 3 3 4 5 6 6 5 4 3 
test № 524
2 2 3 4 5 6 6 5 4 3 2 
test № 525
1 2 3 4 5 6 6 5 4 3 2 1 
test № 526
49 
test № 527
25 24 
test № 528
17 16 16 
test № 529
12 12 13 12 
test № 530
10 11 10 9 9 
test № 531
9 8 8 8 8 8 
test № 532
7 7 7 7 7 7 7 
test № 533
6 6 6 6 6 6 7 6 
test № 534
5 5 5 5 5 6 7 6 5 
test № 535
4 4 4 4 5 6 7 6 5 4 
test № 536
3 3 3 4 5 6 7 6 5 4 3 
test № 537
2 2 3 4 5 6 7 6 5 4 3 2 
test № 538
1 2 3 4 5 6 7 6 5 4 3 2 1 
test № 539
56 
test № 540
28 28 
test № 541
19 19 18 
test № 542
14 14 14 14 
test № 543
11 12 12 11 10 
test № 544
10 10 9 9 9 9 
test № 545
8 8 8 8 8 8 8 
test № 546
7 7 7 7 7 7 7 7 
test № 547
6 6 6 6 6 6 7 7 6 
test № 548
5 5 5 5 5 6 7 7 6 5 
test № 549
4 4 4 4 5 6 7 7 6 5 4 
test № 550
3 3 3 4 5 6 7 7 6 5 4 3 
test № 551
2 2 3 4 5 6 7 7 6 5 4 3 2 
test № 552
1 2 3 4 5 6 7 7 6 5 4 3 2 1 
test № 553
63 
test № 554
32 31 
test № 555
21 21 21 
test № 556
16 16 16 15 
test № 557
12 13 13 13 12 
test № 558
11 11 11 10 10 10 
test № 559
9 9 9 9 9 9 9 
test № 560
8 8 8 8 8 8 8 7 
test № 561
7 7 7 7 7 7 7 7 7 
test № 562
6 6 6 6 6 6 7 7 7 6 
test № 563
5 5 5 5 5 6 7 7 7 6 5 
test № 564
4 4 4 4 5 6 7 7 7 6 5 4 
test № 565
3 3 3 4 5 6 7 7 7 6 5 4 3 
test № 566
2 2 3 4 5 6 7 7 7 6 5 4 3 2 
test № 567
1 2 3 4 5 6 7 7 7 6 5 4 3 2 1 
test № 568
70 
test № 569
35 35 
test № 570
24 23 23 
test № 571
17 18 18 17 
test № 572
14 14 14 14 14 
test № 573
12 12 12 12 11 11 
test № 574
10 10 10 10 10 10 10 
test № 575
8 9 9 9 9 9 9 8 
test № 576
8 8 8 8 8 8 8 7 7 
test № 577
7 7 7 7 7 7 7 7 7 7 
test № 578
6 6 6 6 6 6 7 7 7 7 6 
test № 579
5 5 5 5 5 6 7 7 7 7 6 5 
test № 580
4 4 4 4 5 6 7 7 7 7 6 5 4 
test № 581
3 3 3 4 5 6 7 7 7 7 6 5 4 3 
test № 582
2 2 3 4 5 6 7 7 7 7 6 5 4 3 2 
test № 583
1 2 3 4 5 6 7 7 7 7 6 5 4 3 2 1 
test № 584
77 
test № 585
39 38 
test № 586
26 26 25 
test № 587
19 19 20 19 
test № 588
16 16 15 15 15 
test № 589
13 13 13 13 13 12 
test № 590
11 11 11 11 11 11 11 
test № 591
9 9 10 10 10 10 10 9 
test № 592
8 9 9 9 9 9 9 8 7 
test № 593
8 8 8 8 8 8 8 7 7 7 
test № 594
7 7 7 7 7 7 7 7 7 7 7 
test № 595
6 6 6 6 6 6 7 7 7 7 7 6 
test № 596
5 5 5 5 5 6 7 7 7 7 7 6 5 
test № 597
4 4 4 4 5 6 7 7 7 7 7 6 5 4 
test № 598
3 3 3 4 5 6 7 7 7 7 7 6 5 4 3 
test № 599
2 2 3 4 5 6 7 7 7 7 7 6 5 4 3 2 
test № 600
1 2 3 4 5 6 7 7 7 7 7 6 5 4 3 2 1 
test № 601
16 
test № 602
8 8 
test № 603
5 6 5 
test № 604
4 4 4 4 
test № 605
3 4 4 3 2 
test № 606
3 4 3 2 2 2 
test № 607
3 3 2 2 2 2 2 
test № 608
2 2 2 2 2 2 2 2 
test № 609
1 2 2 2 2 2 2 2 1 
test № 610
24 
test № 611
12 12 
test № 612
8 8 8 
test № 613
6 6 6 6 
test № 614
4 5 6 5 4 
test № 615
4 5 5 4 3 3 
test № 616
4 4 4 3 3 3 3 
test № 617
3 3 3 3 3 3 3 3 
test № 618
2 2 3 3 3 3 3 3 2 
test № 619
1 2 3 3 3 3 3 3 2 1 
test № 620
32 
test № 621
16 16 
test № 622
11 11 10 
test № 623
8 8 8 8 
test № 624
6 6 7 7 6 
test № 625
5 6 6 6 5 4 
test № 626
5 5 5 5 4 4 4 
test № 627
4 4 4 4 4 4 4 4 
test № 628
3 3 3 4 4 4 4 4 3 
test № 629
2 2 3 4 4 4 4 4 3 2 
test № 630
1 2 3 4 4 4 4 4 3 2 1 
test № 631
40 
test № 632
20 20 
test № 633
13 14 13 
test № 634
10 10 10 10 
test № 635
8 8 8 8 8 
test № 636
6 7 7 7 7 6 
test № 637
6 6 6 6 6 5 5 
test № 638
5 5 5 5 5 5 5 5 
test № 639
4 4 4 4 5 5 5 5 4 
test № 640
3 3 3 4 5 5 5 5 4 3 
test № 641
2 2 3 4 5 5 5 5 4 3 2 
test № 642
1 2 3 4 5 5 5 5 4 3 2 1 
test № 643
48 
test № 644
24 24 
test № 645
16 16 16 
test № 646
12 12 12 12 
test № 647
10 10 10 9 9 
test № 648
8 8 8 8 8 8 
test № 649
7 7 7 7 7 7 6 
test № 650
6 6 6 6 6 6 6 6 
test № 651
5 5 5 5 5 6 6 6 5 
test № 652
4 4 4 4 5 6 6 6 5 4 
test № 653
3 3 3 4 5 6 6 6 5 4 3 
test № 654
2 2 3 4 5 6 6 6 5 4 3 2 
test № 655
1 2 3 4 5 6 6 6 5 4 3 2 1 
test № 656
56 
test № 657
28 28 
test № 658
19 19 18 
test № 659
14 14 14 14 
test № 660
11 12 12 11 10 
test № 661
10 10 9 9 9 9 
test № 662
8 8 8 8 8 8 8 
test № 663
7 7 7 7 7 7 7 7 
test № 664
6 6 6 6 6 6 7 7 6 
test № 665
5 5 5 5 5 6 7 7 6 5 
test № 666
4 4 4 4 5 6 7 7 6 5 4 
test № 667
3 3 3 4 5 6 7 7 6 5 4 3 
test № 668
2 2 3 4 5 6 7 7 6 5 4 3 2 
test № 669
1 2 3 4 5 6 7 7 6 5 4 3 2 1 
test № 670
64 
test № 671
32 32 
test № 672
21 22 21 
test № 673
16 16 16 16 
test № 674
12 13 14 13 12 
test № 675
11 12 11 10 10 10 
test № 676
10 9 9 9 9 9 9 
test № 677
8 8 8 8 8 8 8 8 
test № 678
7 7 7 7 7 7 7 8 7 
test № 679
6 6 6 6 6 6 7 8 7 6 
test № 680
5 5 5 5 5 6 7 8 7 6 5 
test № 681
4 4 4 4 5 6 7 8 7 6 5 4 
test № 682
3 3 3 4 5 6 7 8 7 6 5 4 3 
test № 683
2 2 3 4 5 6 7 8 7 6 5 4 3 2 
test № 684
1 2 3 4 5 6 7 8 7 6 5 4 3 2 1 
test № 685
72 
test № 686
36 36 
test № 687
24 24 24 
test № 688
18 18 18 18 
test № 689
14 14 15 15 14 
test № 690
12 13 13 12 11 11 
test № 691
11 11 10 10 10 10 10 
test № 692
9 9 9 9 9 9 9 9 
test № 693
8 8 8 8 8 8 8 8 8 
test № 694
7 7 7 7 7 7 7 8 8 7 
test № 695
6 6 6 6 6 6 7 8 8 7 6 
test № 696
5 5 5 5 5 6 7 8 8 7 6 5 
test № 697
4 4 4 4 5 6 7 8 8 7 6 5 4 
test № 698
3 3 3 4 5 6 7 8 8 7 6 5 4 3 
test № 699
2 2 3 4 5 6 7 8 8 7 6 5 4 3 2 
test № 700
1 2 3 4 5 6 7 8 8 7 6 5 4 3 2 1 
test № 701
80 
test № 702
40 40 
test № 703
27 27 26 
test № 704
20 20 20 20 
test № 705
16 16 16 16 16 
test № 706
13 14 14 14 13 12 
test № 707
12 12 12 11 11 11 11 
test № 708
10 10 10 10 10 10 10 10 
test № 709
9 9 9 9 9 9 9 9 8 
test № 710
8 8 8 8 8 8 8 8 8 8 
test № 711
7 7 7 7 7 7 7 8 8 8 7 
test № 712
6 6 6 6 6 6 7 8 8 8 7 6 
test № 713
5 5 5 5 5 6 7 8 8 8 7 6 5 
test № 714
4 4 4 4 5 6 7 8 8 8 7 6 5 4 
test № 715
3 3 3 4 5 6 7 8 8 8 7 6 5 4 3 
test № 716
2 2 3 4 5 6 7 8 8 8 7 6 5 4 3 2 
test № 717
1 2 3 4 5 6 7 8 8 8 7 6 5 4 3 2 1 
test № 718
88 
test № 719
44 44 
test № 720
29 30 29 
test № 721
22 22 22 22 
test № 722
18 18 18 17 17 
test № 723
14 15 15 15 15 14 
test № 724
13 13 13 13 12 12 12 
test № 725
11 11 11 11 11 11 11 11 
test № 726
9 10 10 10 10 10 10 10 9 
test № 727
9 9 9 9 9 9 9 9 8 8 
test № 728
8 8 8 8 8 8 8 8 8 8 8 
test № 729
7 7 7 7 7 7 7 8 8 8 8 7 
test № 730
6 6 6 6 6 6 7 8 8 8 8 7 6 
test № 731
5 5 5 5 5 6 7 8 8 8 8 7 6 5 
test № 732
4 4 4 4 5 6 7 8 8 8 8 7 6 5 4 
test № 733
3 3 3 4 5 6 7 8 8 8 8 7 6 5 4 3 
test № 734
2 2 3 4 5 6 7 8 8 8 8 7 6 5 4 3 2 
test № 735
1 2 3 4 5 6 7 8 8 8 8 7 6 5 4 3 2 1 
test № 736
18 
test № 737
9 9 
test № 738
6 6 6 
test № 739
5 5 4 4 
test № 740
3 4 4 4 3 
test № 741
3 4 4 3 2 2 
test № 742
3 4 3 2 2 2 2 
test № 743
3 3 2 2 2 2 2 2 
test № 744
2 2 2 2 2 2 2 2 2 
test № 745
1 2 2 2 2 2 2 2 2 1 
test № 746
27 
test № 747
14 13 
test № 748
9 9 9 
test № 749
7 7 7 6 
test № 750
5 5 6 6 5 
test № 751
4 5 6 5 4 3 
test № 752
4 5 5 4 3 3 3 
test № 753
4 4 4 3 3 3 3 3 
test № 754
3 3 3 3 3 3 3 3 3 
test № 755
2 2 3 3 3 3 3 3 3 2 
test № 756
1 2 3 3 3 3 3 3 3 2 1 
test № 757
36 
test № 758
18 18 
test № 759
12 12 12 
test № 760
9 9 9 9 
test № 761
7 7 7 8 7 
test № 762
5 6 7 7 6 5 
test № 763
5 6 6 6 5 4 4 
test № 764
5 5 5 5 4 4 4 4 
test № 765
4 4 4 4 4 4 4 4 4 
test № 766
3 3 3 4 4 4 4 4 4 3 
test № 767
2 2 3 4 4 4 4 4 4 3 2 
test № 768
1 2 3 4 4 4 4 4 4 3 2 1 
test № 769
45 
test № 770
23 22 
test № 771
15 15 15 
test № 772
12 11 11 11 
test № 773
9 9 9 9 9 
test № 774
7 7 8 8 8 7 
test № 775
6 7 7 7 7 6 5 
test № 776
6 6 6 6 6 5 5 5 
test № 777
5 5 5 5 5 5 5 5 5 
test № 778
4 4 4 4 5 5 5 5 5 4 
test № 779
3 3 3 4 5 5 5 5 5 4 3 
test № 780
2 2 3 4 5 5 5 5 5 4 3 2 
test № 781
1 2 3 4 5 5 5 5 5 4 3 2 1 
test № 782
54 
test № 783
27 27 
test № 784
18 18 18 
test № 785
14 14 13 13 
test № 786
11 11 11 11 10 
test № 787
9 9 9 9 9 9 
test № 788
7 8 8 8 8 8 7 
test № 789
7 7 7 7 7 7 6 6 
test № 790
6 6 6 6 6 6 6 6 6 
test № 791
5 5 5 5 5 6 6 6 6 5 
test № 792
4 4 4 4 5 6 6 6 6 5 4 
test № 793
3 3 3 4 5 6 6 6 6 5 4 3 
test № 794
2 2 3 4 5 6 6 6 6 5 4 3 2 
test № 795
1 2 3 4 5 6 6 6 6 5 4 3 2 1 
test № 796
63 
test № 797
32 31 
test № 798
21 21 21 
test № 799
16 16 16 15 
test № 800
12 13 13 13 12 
test № 801
11 11 11 10 10 10 
test № 802
9 9 9 9 9 9 9 
test № 803
8 8 8 8 8 8 8 7 
test № 804
7 7 7 7 7 7 7 7 7 
test № 805
6 6 6 6 6 6 7 7 7 6 
test № 806
5 5 5 5 5 6 7 7 7 6 5 
test № 807
4 4 4 4 5 6 7 7 7 6 5 4 
test № 808
3 3 3 4 5 6 7 7 7 6 5 4 3 
test № 809
2 2 3 4 5 6 7 7 7 6 5 4 3 2 
test № 810
1 2 3 4 5 6 7 7 7 6 5 4 3 2 1 
test № 811
72 
test № 812
36 36 
test № 813
24 24 24 
test № 814
18 18 18 18 
test № 815
14 14 15 15 14 
test № 816
12 13 13 12 11 11 
test № 817
11 11 10 10 10 10 10 
test № 818
9 9 9 9 9 9 9 9 
test № 819
8 8 8 8 8 8 8 8 8 
test № 820
7 7 7 7 7 7 7 8 8 7 
test № 821
6 6 6 6 6 6 7 8 8 7 6 
test № 822
5 5 5 5 5 6 7 8 8 7 6 5 
test № 823
4 4 4 4 5 6 7 8 8 7 6 5 4 
test № 824
3 3 3 4 5 6 7 8 8 7 6 5 4 3 
test № 825
2 2 3 4 5 6 7 8 8 7 6 5 4 3 2 
test № 826
1 2 3 4 5 6 7 8 8 7 6 5 4 3 2 1 
test № 827
81 
test № 828
41 40 
test № 829
27 27 27 
test № 830
21 20 20 20 
test № 831
16 16 16 17 16 
test № 832
13 14 15 14 13 12 
test № 833
12 13 12 11 11 11 11 
test № 834
11 10 10 10 10 10 10 10 
test № 835
9 9 9 9 9 9 9 9 9 
test № 836
8 8 8 8 8 8 8 8 9 8 
test № 837
7 7 7 7 7 7 7 8 9 8 7 
test № 838
6 6 6 6 6 6 7 8 9 8 7 6 
test № 839
5 5 5 5 5 6 7 8 9 8 7 6 5 
test № 840
4 4 4 4 5 6 7 8 9 8 7 6 5 4 
test № 841
3 3 3 4 5 6 7 8 9 8 7 6 5 4 3 
test № 842
2 2 3 4 5 6 7 8 9 8 7 6 5 4 3 2 
test № 843
1 2 3 4 5 6 7 8 9 8 7 6 5 4 3 2 1 
test № 844
90 
test № 845
45 45 
test № 846
30 30 30 
test № 847
23 23 22 22 
test № 848
18 18 18 18 18 
test № 849
14 15 16 16 15 14 
test № 850
13 14 14 13 12 12 12 
test № 851
12 12 11 11 11 11 11 11 
test № 852
10 10 10 10 10 10 10 10 10 
test № 853
9 9 9 9 9 9 9 9 9 9 
test № 854
8 8 8 8 8 8 8 8 9 9 8 
test № 855
7 7 7 7 7 7 7 8 9 9 8 7 
test № 856
6 6 6 6 6 6 7 8 9 9 8 7 6 
test № 857
5 5 5 5 5 6 7 8 9 9 8 7 6 5 
test № 858
4 4 4 4 5 6 7 8 9 9 8 7 6 5 4 
test № 859
3 3 3 4 5 6 7 8 9 9 8 7 6 5 4 3 
test № 860
2 2 3 4 5 6 7 8 9 9 8 7 6 5 4 3 2 
test № 861
1 2 3 4 5 6 7 8 9 9 8 7 6 5 4 3 2 1 
test № 862
99 
test № 863
50 49 
test № 864
33 33 33 
test № 865
25 25 25 24 
test № 866
20 20 20 20 19 
test № 867
16 16 17 17 17 16 
test № 868
14 15 15 15 14 13 13 
test № 869
13 13 13 12 12 12 12 12 
test № 870
11 11 11 11 11 11 11 11 11 
test № 871
10 10 10 10 10 10 10 10 10 9 
test № 872
9 9 9 9 9 9 9 9 9 9 9 
test № 873
8 8 8 8 8 8 8 8 9 9 9 8 
test № 874
7 7 7 7 7 7 7 8 9 9 9 8 7 
test № 875
6 6 6 6 6 6 7 8 9 9 9 8 7 6 
test № 876
5 5 5 5 5 6 7 8 9 9 9 8 7 6 5 
test № 877
4 4 4 4 5 6 7 8 9 9 9 8 7 6 5 4 
test № 878
3 3 3 4 5 6 7 8 9 9 9 8 7 6 5 4 3 
test № 879
2 2 3 4 5 6 7 8 9 9 9 8 7 6 5 4 3 2 
test № 880
1 2 3 4 5 6 7 8 9 9 9 8 7 6 5 4 3 2 1 
test № 881
20 
test № 882
10 10 
test № 883
7 7 6 
test № 884
5 6 5 4 
test № 885
4 4 4 4 4 
test № 886
3 4 4 4 3 2 
test № 887
3 4 4 3 2 2 2 
test № 888
3 4 3 2 2 2 2 2 
test № 889
3 3 2 2 2 2 2 2 2 
test № 890
2 2 2 2 2 2 2 2 2 2 
test № 891
1 2 2 2 2 2 2 2 2 2 1 
test № 892
30 
test № 893
15 15 
test № 894
10 10 10 
test № 895
7 8 8 7 
test № 896
6 6 6 6 6 
test № 897
4 5 6 6 5 4 
test № 898
4 5 6 5 4 3 3 
test № 899
4 5 5 4 3 3 3 3 
test № 900
4 4 4 3 3 3 3 3 3 
test № 901
3 3 3 3 3 3 3 3 3 3 
test № 902
2 2 3 3 3 3 3 3 3 3 2 
test № 903
1 2 3 3 3 3 3 3 3 3 2 1 
test № 904
40 
test № 905
20 20 
test № 906
14 13 13 
test № 907
10 10 10 10 
test № 908
8 8 8 8 8 
test № 909
6 6 7 8 7 6 
test № 910
5 6 7 7 6 5 4 
test № 911
5 6 6 6 5 4 4 4 
test № 912
5 5 5 5 4 4 4 4 4 
test № 913
4 4 4 4 4 4 4 4 4 4 
test № 914
3 3 3 4 4 4 4 4 4 4 3 
test № 915
2 2 3 4 4 4 4 4 4 4 3 2 
test № 916
1 2 3 4 4 4 4 4 4 4 3 2 1 
test № 917
50 
test № 918
25 25 
test № 919
17 17 16 
test № 920
13 13 12 12 
test № 921
10 10 10 10 10 
test № 922
8 8 8 9 9 8 
test № 923
6 7 8 8 8 7 6 
test № 924
6 7 7 7 7 6 5 5 
test № 925
6 6 6 6 6 5 5 5 5 
test № 926
5 5 5 5 5 5 5 5 5 5 
test № 927
4 4 4 4 5 5 5 5 5 5 4 
test № 928
3 3 3 4 5 5 5 5 5 5 4 3 
test № 929
2 2 3 4 5 5 5 5 5 5 4 3 2 
test № 930
1 2 3 4 5 5 5 5 5 5 4 3 2 1 
test № 931
60 
test № 932
30 30 
test № 933
20 20 20 
test № 934
15 16 15 14 
test № 935
12 12 12 12 12 
test № 936
10 10 10 10 10 10 
test № 937
8 8 9 9 9 9 8 
test № 938
7 8 8 8 8 8 7 6 
test № 939
7 7 7 7 7 7 6 6 6 
test № 940
6 6 6 6 6 6 6 6 6 6 
test № 941
5 5 5 5 5 6 6 6 6 6 5 
test № 942
4 4 4 4 5 6 6 6 6 6 5 4 
test № 943
3 3 3 4 5 6 6 6 6 6 5 4 3 
test № 944
2 2 3 4 5 6 6 6 6 6 5 4 3 2 
test № 945
1 2 3 4 5 6 6 6 6 6 5 4 3 2 1 
test № 946
70 
test № 947
35 35 
test № 948
24 23 23 
test № 949
17 18 18 17 
test № 950
14 14 14 14 14 
test № 951
12 12 12 12 11 11 
test № 952
10 10 10 10 10 10 10 
test № 953
8 9 9 9 9 9 9 8 
test № 954
8 8 8 8 8 8 8 7 7 
test № 955
7 7 7 7 7 7 7 7 7 7 
test № 956
6 6 6 6 6 6 7 7 7 7 6 
test № 957
5 5 5 5 5 6 7 7 7 7 6 5 
test № 958
4 4 4 4 5 6 7 7 7 7 6 5 4 
test № 959
3 3 3 4 5 6 7 7 7 7 6 5 4 3 
test № 960
2 2 3 4 5 6 7 7 7 7 6 5 4 3 2 
test № 961
1 2 3 4 5 6 7 7 7 7 6 5 4 3 2 1 
test № 962
80 
test № 963
40 40 
test № 964
27 27 26 
test № 965
20 20 20 20 
test № 966
16 16 16 16 16 
test № 967
13 14 14 14 13 12 
test № 968
12 12 12 11 11 11 11 
test № 969
10 10 10 10 10 10 10 10 
test № 970
9 9 9 9 9 9 9 9 8 
test № 971
8 8 8 8 8 8 8 8 8 8 
test № 972
7 7 7 7 7 7 7 8 8 8 7 
test № 973
6 6 6 6 6 6 7 8 8 8 7 6 
test № 974
5 5 5 5 5 6 7 8 8 8 7 6 5 
test № 975
4 4 4 4 5 6 7 8 8 8 7 6 5 4 
test № 976
3 3 3 4 5 6 7 8 8 8 7 6 5 4 3 
test № 977
2 2 3 4 5 6 7 8 8 8 7 6 5 4 3 2 
test № 978
1 2 3 4 5 6 7 8 8 8 7 6 5 4 3 2 1 
test № 979
90 
test № 980
45 45 
test № 981
30 30 30 
test № 982
23 23 22 22 
test № 983
18 18 18 18 18 
test № 984
14 15 16 16 15 14 
test № 985
13 14 14 13 12 12 12 
test № 986
12 12 11 11 11 11 11 11 
test № 987
10 10 10 10 10 10 10 10 10 
test № 988
9 9 9 9 9 9 9 9 9 9 
test № 989
8 8 8 8 8 8 8 8 9 9 8 
test № 990
7 7 7 7 7 7 7 8 9 9 8 7 
test № 991
6 6 6 6 6 6 7 8 9 9 8 7 6 
test № 992
5 5 5 5 5 6 7 8 9 9 8 7 6 5 
test № 993
4 4 4 4 5 6 7 8 9 9 8 7 6 5 4 
test № 994
3 3 3 4 5 6 7 8 9 9 8 7 6 5 4 3 
test № 995
2 2 3 4 5 6 7 8 9 9 8 7 6 5 4 3 2 
test № 996
1 2 3 4 5 6 7 8 9 9 8 7 6 5 4 3 2 1 
test № 997
100 
test № 998
50 50 
test № 999
34 33 33 
test № 1000
25 26 25 24 
test № 1001
20 20 20 20 20 
test № 1002
16 16 17 18 17 16 
test № 1003
14 15 16 15 14 13 13 
test № 1004
13 14 13 12 12 12 12 12 
test № 1005
12 11 11 11 11 11 11 11 11 
test № 1006
10 10 10 10 10 10 10 10 10 10 
test № 1007
9 9 9 9 9 9 9 9 9 10 9 
test № 1008
8 8 8 8 8 8 8 8 9 10 9 8 
test № 1009
7 7 7 7 7 7 7 8 9 10 9 8 7 
test № 1010
6 6 6 6 6 6 7 8 9 10 9 8 7 6 
test № 1011
5 5 5 5 5 6 7 8 9 10 9 8 7 6 5 
test № 1012
4 4 4 4 5 6 7 8 9 10 9 8 7 6 5 4 
test № 1013
3 3 3 4 5 6 7 8 9 10 9 8 7 6 5 4 3 
test № 1014
2 2 3 4 5 6 7 8 9 10 9 8 7 6 5 4 3 2 
test № 1015
1 2 3 4 5 6 7 8 9 10 9 8 7 6 5 4 3 2 1 
test № 1016
110 
test № 1017
55 55 
test № 1018
37 37 36 
test № 1019
27 28 28 27 
test № 1020
22 22 22 22 22 
test № 1021
18 18 18 19 19 18 
test № 1022
15 16 17 17 16 15 14 
test № 1023
14 15 15 14 13 13 13 13 
test № 1024
13 13 12 12 12 12 12 12 12 
test № 1025
11 11 11 11 11 11 11 11 11 11 
test № 1026
10 10 10 10 10 10 10 10 10 10 10 
test № 1027
9 9 9 9 9 9 9 9 9 10 10 9 
test № 1028
8 8 8 8 8 8 8 8 9 10 10 9 8 
test № 1029
7 7 7 7 7 7 7 8 9 10 10 9 8 7 
test № 1030
6 6 6 6 6 6 7 8 9 10 10 9 8 7 6 
test № 1031
5 5 5 5 5 6 7 8 9 10 10 9 8 7 6 5 
test № 1032
4 4 4 4 5 6 7 8 9 10 10 9 8 7 6 5 4 
test № 1033
3 3 3 4 5 6 7 8 9 10 10 9 8 7 6 5 4 3 
test № 1034
2 2 3 4 5 6 7 8 9 10 10 9 8 7 6 5 4 3 2 
test № 1035
1 2 3 4 5 6 7 8 9 10 10 9 8 7 6 5 4 3 2 1 
test № 1036
22 
test № 1037
11 11 
test № 1038
7 8 7 
test № 1039
5 6 6 5 
test № 1040
5 5 4 4 4 
test № 1041
3 4 4 4 4 3 
test № 1042
3 4 4 4 3 2 2 
test № 1043
3 4 4 3 2 2 2 2 
test № 1044
3 4 3 2 2 2 2 2 2 
test № 1045
3 3 2 2 2 2 2 2 2 2 
test № 1046
2 2 2 2 2 2 2 2 2 2 2 
test № 1047
1 2 2 2 2 2 2 2 2 2 2 1 
test № 1048
33 
test № 1049
17 16 
test № 1050
11 11 11 
test № 1051
8 8 9 8 
test № 1052
7 7 7 6 6 
test № 1053
5 5 6 6 6 5 
test № 1054
4 5 6 6 5 4 3 
test № 1055
4 5 6 5 4 3 3 3 
test № 1056
4 5 5 4 3 3 3 3 3 
test № 1057
4 4 4 3 3 3 3 3 3 3 
test № 1058
3 3 3 3 3 3 3 3 3 3 3 
test № 1059
2 2 3 3 3 3 3 3 3 3 3 2 
test № 1060
1 2 3 3 3 3 3 3 3 3 3 2 1 
test № 1061
44 
test № 1062
22 22 
test № 1063
15 15 14 
test № 1064
11 11 11 11 
test № 1065
9 9 9 9 8 
test № 1066
7 7 7 8 8 7 
test № 1067
5 6 7 8 7 6 5 
test № 1068
5 6 7 7 6 5 4 4 
test № 1069
5 6 6 6 5 4 4 4 4 
test № 1070
5 5 5 5 4 4 4 4 4 4 
test № 1071
4 4 4 4 4 4 4 4 4 4 4 
test № 1072
3 3 3 4 4 4 4 4 4 4 4 3 
test № 1073
2 2 3 4 4 4 4 4 4 4 4 3 2 
test № 1074
1 2 3 4 4 4 4 4 4 4 4 3 2 1 
test № 1075
55 
test № 1076
28 27 
test № 1077
18 19 18 
test № 1078
14 14 14 13 
test № 1079
11 11 11 11 11 
test № 1080
9 9 9 9 10 9 
test № 1081
7 7 8 9 9 8 7 
test № 1082
6 7 8 8 8 7 6 5 
test № 1083
6 7 7 7 7 6 5 5 5 
test № 1084
6 6 6 6 6 5 5 5 5 5 
test № 1085
5 5 5 5 5 5 5 5 5 5 5 
test № 1086
4 4 4 4 5 5 5 5 5 5 5 4 
test № 1087
3 3 3 4 5 5 5 5 5 5 5 4 3 
test № 1088
2 2 3 4 5 5 5 5 5 5 5 4 3 2 
test № 1089
1 2 3 4 5 5 5 5 5 5 5 4 3 2 1 
test № 1090
66 
test № 1091
33 33 
test № 1092
22 22 22 
test № 1093
16 17 17 16 
test № 1094
14 13 13 13 13 
test № 1095
11 11 11 11 11 11 
test № 1096
9 9 9 10 10 10 9 
test № 1097
7 8 9 9 9 9 8 7 
test № 1098
7 8 8 8 8 8 7 6 6 
test № 1099
7 7 7 7 7 7 6 6 6 6 
test № 1100
6 6 6 6 6 6 6 6 6 6 6 
test № 1101
5 5 5 5 5 6 6 6 6 6 6 5 
test № 1102
4 4 4 4 5 6 6 6 6 6 6 5 4 
test № 1103
3 3 3 4 5 6 6 6 6 6 6 5 4 3 
test № 1104
2 2 3 4 5 6 6 6 6 6 6 5 4 3 2 
test № 1105
1 2 3 4 5 6 6 6 6 6 6 5 4 3 2 1 
test № 1106
77 
test № 1107
39 38 
test № 1108
26 26 25 
test № 1109
19 19 20 19 
test № 1110
16 16 15 15 15 
test № 1111
13 13 13 13 13 12 
test № 1112
11 11 11 11 11 11 11 
test № 1113
9 9 10 10 10 10 10 9 
test № 1114
8 9 9 9 9 9 9 8 7 
test № 1115
8 8 8 8 8 8 8 7 7 7 
test № 1116
7 7 7 7 7 7 7 7 7 7 7 
test № 1117
6 6 6 6 6 6 7 7 7 7 7 6 
test № 1118
5 5 5 5 5 6 7 7 7 7 7 6 5 
test № 1119
4 4 4 4 5 6 7 7 7 7 7 6 5 4 
test № 1120
3 3 3 4 5 6 7 7 7 7 7 6 5 4 3 
test № 1121
2 2 3 4 5 6 7 7 7 7 7 6 5 4 3 2 
test № 1122
1 2 3 4 5 6 7 7 7 7 7 6 5 4 3 2 1 
test № 1123
88 
test № 1124
44 44 
test № 1125
29 30 29 
test № 1126
22 22 22 22 
test № 1127
18 18 18 17 17 
test № 1128
14 15 15 15 15 14 
test № 1129
13 13 13 13 12 12 12 
test № 1130
11 11 11 11 11 11 11 11 
test № 1131
9 10 10 10 10 10 10 10 9 
test № 1132
9 9 9 9 9 9 9 9 8 8 
test № 1133
8 8 8 8 8 8 8 8 8 8 8 
test № 1134
7 7 7 7 7 7 7 8 8 8 8 7 
test № 1135
6 6 6 6 6 6 7 8 8 8 8 7 6 
test № 1136
5 5 5 5 5 6 7 8 8 8 8 7 6 5 
test № 1137
4 4 4 4 5 6 7 8 8 8 8 7 6 5 4 
test № 1138
3 3 3 4 5 6 7 8 8 8 8 7 6 5 4 3 
test № 1139
2 2 3 4 5 6 7 8 8 8 8 7 6 5 4 3 2 
test № 1140
1 2 3 4 5 6 7 8 8 8 8 7 6 5 4 3 2 1 
test № 1141
99 
test № 1142
50 49 
test № 1143
33 33 33 
test № 1144
25 25 25 24 
test № 1145
20 20 20 20 19 
test № 1146
16 16 17 17 17 16 
test № 1147
14 15 15 15 14 13 13 
test № 1148
13 13 13 12 12 12 12 12 
test № 1149
11 11 11 11 11 11 11 11 11 
test № 1150
10 10 10 10 10 10 10 10 10 9 
test № 1151
9 9 9 9 9 9 9 9 9 9 9 
test № 1152
8 8 8 8 8 8 8 8 9 9 9 8 
test № 1153
7 7 7 7 7 7 7 8 9 9 9 8 7 
test № 1154
6 6 6 6 6 6 7 8 9 9 9 8 7 6 
test № 1155
5 5 5 5 5 6 7 8 9 9 9 8 7 6 5 
test № 1156
4 4 4 4 5 6 7 8 9 9 9 8 7 6 5 4 
test № 1157
3 3 3 4 5 6 7 8 9 9 9 8 7 6 5 4 3 
test № 1158
2 2 3 4 5 6 7 8 9 9 9 8 7 6 5 4 3 2 
test № 1159
1 2 3 4 5 6 7 8 9 9 9 8 7 6 5 4 3 2 1 
test № 1160
110 
test № 1161
55 55 
test № 1162
37 37 36 
test № 1163
27 28 28 27 
test № 1164
22 22 22 22 22 
test № 1165
18 18 18 19 19 18 
test № 1166
15 16 17 17 16 15 14 
test № 1167
14 15 15 14 13 13 13 13 
test № 1168
13 13 12 12 12 12 12 12 12 
test № 1169
11 11 11 11 11 11 11 11 11 11 
test № 1170
10 10 10 10 10 10 10 10 10 10 10 
test № 1171
9 9 9 9 9 9 9 9 9 10 10 9 
test № 1172
8 8 8 8 8 8 8 8 9 10 10 9 8 
test № 1173
7 7 7 7 7 7 7 8 9 10 10 9 8 7 
test № 1174
6 6 6 6 6 6 7 8 9 10 10 9 8 7 6 
test № 1175
5 5 5 5 5 6 7 8 9 10 10 9 8 7 6 5 
test № 1176
4 4 4 4 5 6 7 8 9 10 10 9 8 7 6 5 4 
test № 1177
3 3 3 4 5 6 7 8 9 10 10 9 8 7 6 5 4 3 
test № 1178
2 2 3 4 5 6 7 8 9 10 10 9 8 7 6 5 4 3 2 
test № 1179
1 2 3 4 5 6 7 8 9 10 10 9 8 7 6 5 4 3 2 1 
test № 1180
121 
test № 1181
61 60 
test № 1182
40 41 40 
test № 1183
30 30 31 30 
test № 1184
25 24 24 24 24 
test № 1185
20 20 20 20 21 20 
test № 1186
16 17 18 19 18 17 16 
test № 1187
15 16 17 16 15 14 14 14 
test № 1188
14 15 14 13 13 13 13 13 13 
test № 1189
13 12 12 12 12 12 12 12 12 12 
test № 1190
11 11 11 11 11 11 11 11 11 11 11 
test № 1191
10 10 10 10 10 10 10 10 10 10 11 10 
test № 1192
9 9 9 9 9 9 9 9 9 10 11 10 9 
test № 1193
8 8 8 8 8 8 8 8 9 10 11 10 9 8 
test № 1194
7 7 7 7 7 7 7 8 9 10 11 10 9 8 7 
test № 1195
6 6 6 6 6 6 7 8 9 10 11 10 9 8 7 6 
test № 1196
5 5 5 5 5 6 7 8 9 10 11 10 9 8 7 6 5 
test № 1197
4 4 4 4 5 6 7 8 9 10 11 10 9 8 7 6 5 4 
test № 1198
3 3 3 4 5 6 7 8 9 10 11 10 9 8 7 6 5 4 3 
test № 1199
2 2 3 4 5 6 7 8 9 10 11 10 9 8 7 6 5 4 3 2 
test № 1200
1 2 3 4 5 6 7 8 9 10 11 10 9 8 7 6 5 4 3 2 1 
